Entry Time Temperature CO* OH* OH CO2
1 0.0000000000000000E+00 1.0100000000000000E+00 2250 0 0 0
2 1.0000000000000000E-02 1.0249999999999999E+00 2250 0 0 0
3 2.0000000000000000E-02 1.0400000000000000E+00 2250 0 0 0
4 2.9999999999999999E-02 1.0549999999999999E+00 2250 0 0 0
5 4.0000000000000001E-02 1.0700000000000001E+00 2250 0 0 0
6 5.0000000000000003E-02 1.0850000000000000E+00 2250 0 0 0
7 6.0000000000000005E-02 1.1000000000000001E+00 2250 0 0 0
8 7.0000000000000007E-02 1.1150000000000000E+00 2250 0 0 0
9 8.0000000000000002E-02 1.1299999999999999E+00 2250 0 0 0
10 8.9999999999999997E-02 1.1450000000000000E+00 2250 0 0 0
11 9.9999999999999992E-02 1.1599999999999999E+00 2250 0 0 0
12 1.0999999999999999E-01 1.1750000000000000E+00 2250 0 0 0
13 1.1999999999999998E-01 1.1899999999999999E+00 2250 0 0 0
14 1.2999999999999998E-01 1.2050000000000001E+00 2250 0 0 0
15 1.3999999999999999E-01 1.2200000000000000E+00 2250 0 0 0
16 1.4999999999999999E-01 1.2349999999999999E+00 2250 0 0 0
17 1.6000000000000000E-01 1.2500000000000000E+00 2250 0 0 0
18 1.7000000000000001E-01 1.2650000000000001E+00 2250 0 0 0
19 1.8000000000000002E-01 1.2800000000000000E+00 2250 0 0 0
20 1.9000000000000003E-01 1.2949999999999999E+00 2250 0 0 0
21 2.0000000000000004E-01 1.3100000000000001E+00 2250 0 0 0
22 2.1000000000000005E-01 1.3250000000000002E+00 2250 0 0 0
23 2.2000000000000006E-01 1.3400000000000001E+00 2250 0 0 0
24 2.3000000000000007E-01 1.3550000000000000E+00 2250 0 0 0
25 2.4000000000000007E-01 1.3700000000000001E+00 2250 0 0 0
26 2.5000000000000006E-01 1.3850000000000002E+00 2250 0 0 0
27 2.6000000000000006E-01 1.4000000000000001E+00 2250 0 0 0
28 2.7000000000000007E-01 1.4150000000000000E+00 2250 0 0 0
29 2.8000000000000008E-01 1.4300000000000002E+00 2250 0 0 0
30 2.9000000000000009E-01 1.4450000000000003E+00 2250 0 0 0
31 3.0000000000000010E-01 1.4600000000000002E+00 2250 0 0 0
32 3.1000000000000011E-01 1.4750000000000001E+00 2250 0 0 0
33 3.2000000000000012E-01 1.4900000000000002E+00 2250 0 0 0
34 3.3000000000000013E-01 1.5050000000000003E+00 2250 0 0 0
35 3.4000000000000014E-01 1.5200000000000002E+00 2250 0 0 0
36 3.5000000000000014E-01 1.5350000000000001E+00 2250 0 0 0
37 3.6000000000000015E-01 1.5500000000000003E+00 2250 0 0 0
38 3.7000000000000016E-01 1.5650000000000004E+00 2250 0 0 0
39 3.8000000000000017E-01 1.5800000000000003E+00 2250 0 0 0
40 3.9000000000000018E-01 1.5950000000000002E+00 2250 0 0 0
41 4.0000000000000019E-01 1.6100000000000003E+00 2250 0 0 0
42 4.1000000000000020E-01 1.6250000000000004E+00 2250 0 0 0
43 4.2000000000000021E-01 1.6400000000000003E+00 2250 0 0 0
44 4.3000000000000022E-01 1.6550000000000002E+00 2250 0 0 0
45 4.4000000000000022E-01 1.6700000000000004E+00 2250 0 0 0
46 4.5000000000000023E-01 1.6850000000000005E+00 2250 0 0 0
47 4.6000000000000024E-01 1.7000000000000004E+00 2250 0 0 0
48 4.7000000000000025E-01 1.7150000000000003E+00 2250 0 0 0
49 4.8000000000000026E-01 1.7300000000000004E+00 2250 0 0 0
50 4.9000000000000027E-01 1.7450000000000006E+00 2250 0 0 0
51 5.0000000000000022E-01 1.7600000000000002E+00 2250 0 0 0
52 5.1000000000000023E-01 1.7750000000000004E+00 2250 0 0 0
53 5.2000000000000024E-01 1.7900000000000005E+00 2250 0 0 0
54 5.3000000000000025E-01 1.8050000000000004E+00 2250 0 0 0
55 5.4000000000000026E-01 1.8200000000000003E+00 2250 0 0 0
56 5.5000000000000027E-01 1.8350000000000004E+00 2250 0 0 0
57 5.6000000000000028E-01 1.8500000000000005E+00 2250 0 0 0
58 5.7000000000000028E-01 1.8650000000000004E+00 2250 0 0 0
59 5.8000000000000029E-01 1.8800000000000003E+00 2250 0 0 0
60 5.9000000000000030E-01 1.8950000000000005E+00 2250 0 0 0
61 6.0000000000000031E-01 1.9100000000000006E+00 2250 0 0 0
62 6.1000000000000032E-01 1.9250000000000005E+00 2250 0 0 0
63 6.2000000000000033E-01 1.9400000000000004E+00 2250 0 0 0
64 6.3000000000000034E-01 1.9550000000000005E+00 2250 0 0 0
65 6.4000000000000035E-01 1.9700000000000006E+00 2250 0 0 0
66 6.5000000000000036E-01 1.9850000000000005E+00 2250 0 0 0
67 6.6000000000000036E-01 2.0000000000000004E+00 2250 0 0 0
68 6.7000000000000037E-01 2.0150000000000006E+00 2250 0 0 0
69 6.8000000000000038E-01 2.0300000000000002E+00 2250 0 0 0
70 6.9000000000000039E-01 2.0450000000000008E+00 2250 0 0 0
71 7.0000000000000040E-01 2.0600000000000005E+00 2250 0 0 0
72 7.1000000000000041E-01 2.0750000000000006E+00 2250 0 0 0
73 7.2000000000000042E-01 2.0900000000000007E+00 2250 0 0 0
74 7.3000000000000043E-01 2.1050000000000004E+00 2250 0 0 0
75 7.4000000000000044E-01 2.1200000000000010E+00 2250 0 0 0
76 7.5000000000000044E-01 2.1350000000000007E+00 2250 0 0 0
77 7.6000000000000045E-01 2.1500000000000004E+00 2250 0 0 0
78 7.7000000000000046E-01 2.1650000000000009E+00 2250 0 0 0
79 7.8000000000000047E-01 2.1800000000000006E+00 2250 0 0 0
80 7.9000000000000048E-01 2.1950000000000007E+00 2250 0 0 0
81 8.0000000000000049E-01 2.2100000000000009E+00 2250 0 0 0
82 8.1000000000000050E-01 2.2250000000000005E+00 2250 0 0 0
83 8.2000000000000051E-01 2.2400000000000011E+00 2250 0 0 0
84 8.3000000000000052E-01 2.2550000000000008E+00 2250 0 0 0
85 8.4000000000000052E-01 2.2700000000000005E+00 2250 0 0 0
86 8.5000000000000053E-01 2.2850000000000010E+00 2250 0 0 0
87 8.6000000000000054E-01 2.3000000000000007E+00 2250 0 0 0
88 8.7000000000000055E-01 2.3150000000000008E+00 2250 0 0 0
89 8.8000000000000056E-01 2.3300000000000010E+00 2250 0 0 0
90 8.9000000000000057E-01 2.3450000000000006E+00 2250 0 0 0
91 9.0000000000000058E-01 2.3600000000000012E+00 2250 0 0 0
92 9.1000000000000059E-01 2.3750000000000009E+00 2250 0 0 0
93 9.2000000000000060E-01 2.3900000000000006E+00 2250 0 0 0
94 9.3000000000000060E-01 2.4050000000000011E+00 2250 0 0 0
95 9.4000000000000061E-01 2.4200000000000008E+00 2250 0 0 0
96 9.5000000000000062E-01 2.4350000000000009E+00 2250 0 0 0
97 9.6000000000000063E-01 2.4500000000000011E+00 2250 0 0 0
98 9.7000000000000064E-01 2.4650000000000007E+00 2250 0 0 0
99 9.8000000000000065E-01 2.4800000000000013E+00 2250 0 0 0
100 9.9000000000000066E-01 2.4950000000000010E+00 2250 0 0 0
101 1.0000000000000007E+00 2.5100000000000007E+00 2250 0 0 0
102 1.0100000000000007E+00 2.5250000000000012E+00 2250 0 0 0
103 1.0200000000000007E+00 2.5400000000000009E+00 2250 0 0 0
104 1.0300000000000007E+00 2.5550000000000010E+00 2250 0 0 0
105 1.0400000000000007E+00 2.5700000000000012E+00 2250 0 0 0
106 1.0500000000000007E+00 2.5850000000000009E+00 2250 0 0 0
107 1.0600000000000007E+00 2.6000000000000014E+00 2250 0 0 0
108 1.0700000000000007E+00 2.6150000000000011E+00 2250 0 0 0
109 1.0800000000000007E+00 2.6300000000000008E+00 2250 0 0 0
110 1.0900000000000007E+00 2.6450000000000014E+00 2250 0 0 0
111 1.1000000000000008E+00 2.6600000000000010E+00 2250 0 0 0
112 1.1100000000000008E+00 2.6750000000000012E+00 2250 0 0 0
113 1.1200000000000008E+00 2.6900000000000013E+00 2250 0 0 0
114 1.1300000000000008E+00 2.7050000000000010E+00 2250 0 0 0
115 1.1400000000000008E+00 2.7200000000000015E+00 2250 0 0 0
116 1.1500000000000008E+00 2.7350000000000012E+00 2250 0 0 0
117 1.1600000000000008E+00 2.7500000000000009E+00 2250 0 0 0
118 1.1700000000000008E+00 2.7650000000000015E+00 2250 0 0 0
119 1.1800000000000008E+00 2.7800000000000011E+00 2250 0 0 0
120 1.1900000000000008E+00 2.7950000000000013E+00 2250 0 0 0
121 1.2000000000000008E+00 2.8100000000000014E+00 2250 0 0 0
122 1.2100000000000009E+00 2.8250000000000011E+00 2250 0 0 0
123 1.2200000000000009E+00 2.8400000000000016E+00 2250 0 0 0
124 1.2300000000000009E+00 2.8550000000000013E+00 2250 0 0 0
125 1.2400000000000009E+00 2.8700000000000010E+00 2250 0 0 0
126 1.2500000000000009E+00 2.8850000000000016E+00 2250 0 0 0
127 1.2600000000000009E+00 2.9000000000000012E+00 2250 0 0 0
128 1.2700000000000009E+00 2.9150000000000014E+00 2250 0 0 0
129 1.2800000000000009E+00 2.9300000000000015E+00 2250 0 0 0
130 1.2900000000000009E+00 2.9450000000000012E+00 2250 0 0 0
131 1.3000000000000009E+00 2.9600000000000017E+00 2250 0 0 0
132 1.3100000000000009E+00 2.9750000000000014E+00 2250 0 0 0
133 1.3200000000000010E+00 2.9900000000000011E+00 2250 0 0 0
134 1.3300000000000010E+00 3.0050000000000017E+00 2250 0 0 0
135 1.3400000000000010E+00 3.0200000000000014E+00 2250 0 0 0
136 1.3500000000000010E+00 3.0350000000000010E+00 2250 0 0 0
137 1.3600000000000010E+00 3.0500000000000016E+00 2250 0 0 0
138 1.3700000000000010E+00 3.0650000000000013E+00 2250 0 0 0
139 1.3800000000000010E+00 3.0800000000000018E+00 2250 0 0 0
140 1.3900000000000010E+00 3.0950000000000015E+00 2250 0 0 0
141 1.4000000000000010E+00 3.1100000000000012E+00 2250 0 0 0
142 1.4100000000000010E+00 3.1250000000000018E+00 2250 0 0 0
143 1.4200000000000010E+00 3.1400000000000015E+00 2250 0 0 0
144 1.4300000000000010E+00 3.1550000000000011E+00 2250 0 0 0
145 1.4400000000000011E+00 3.1700000000000017E+00 2250 0 0 0
146 1.4500000000000011E+00 3.1850000000000014E+00 2250 0 0 0
147 1.4600000000000011E+00 3.2000000000000020E+00 2250 0 0 0
148 1.4700000000000011E+00 3.2150000000000016E+00 2249 2 -3 1
149 1.4800000000000011E+00 3.2300000000000013E+00 2246 2 -6 4
150 1.4900000000000011E+00 3.2450000000000019E+00 2242 2 -10 8
151 1.5000000000000011E+00 3.2600000000000016E+00 2230 1 -21 20
152 1.5100000000000011E+00 3.2750000000000012E+00 2224 2 -28 26
153 1.5200000000000011E+00 3.2900000000000018E+00 2211 1 -40 39
154 1.5300000000000011E+00 3.3050000000000015E+00 2197 0 -53 53
155 1.5400000000000011E+00 3.3200000000000021E+00 2173 0 -77 77
156 1.5500000000000012E+00 3.3350000000000017E+00 2136 3 -117 114
157 1.5600000000000012E+00 3.3500000000000014E+00 2078 4 -176 172
158 1.5700000000000012E+00 3.3650000000000020E+00 1982 1 -269 268
159 1.5800000000000012E+00 3.3800000000000017E+00 1823 8 -435 427
160 1.5900000000000012E+00 3.3950000000000014E+00 1522 23 -751 728
161 1.6000000000000012E+00 3.4100000000000019E+00 1048 90 -1292 1202
162 1.6100000000000012E+00 3.4250000000000016E+00 356 425 -2319 1894
163 1.6200000000000012E+00 3.4400000000000022E+00 16 1350 -3584 2234
164 1.6300000000000012E+00 3.4550000000000018E+00 0 2119 -4369 2250
165 1.6400000000000012E+00 3.4700000000000015E+00 0 2406 -4656 2250
166 1.6500000000000012E+00 3.4850000000000021E+00 0 2478 -4728 2250
167 1.6600000000000013E+00 3.5000000000000018E+00 0 2493 -4743 2250
168 1.6700000000000013E+00 3.5150000000000015E+00 0 2496 -4746 2250
169 1.6800000000000013E+00 3.5300000000000020E+00 0 2498 -4748 2250
170 1.6900000000000013E+00 3.5450000000000017E+00 0 2500 -4750 2250
171 1.7000000000000013E+00 3.5600000000000023E+00 0 2500 -4750 2250
172 1.7100000000000013E+00 3.5750000000000020E+00 0 2500 -4750 2250
173 1.7200000000000013E+00 3.5900000000000016E+00 0 2500 -4750 2250
174 1.7300000000000013E+00 3.6050000000000022E+00 0 2500 -4750 2250
175 1.7400000000000013E+00 3.6200000000000019E+00 0 2500 -4750 2250
176 1.7500000000000013E+00 3.6350000000000016E+00 0 2500 -4750 2250
177 1.7600000000000013E+00 3.6500000000000021E+00 0 2500 -4750 2250
178 1.7700000000000014E+00 3.6650000000000018E+00 0 2500 -4750 2250
179 1.7800000000000014E+00 3.6800000000000024E+00 0 2500 -4750 2250
180 1.7900000000000014E+00 3.6950000000000021E+00 0 2500 -4750 2250
181 1.8000000000000014E+00 3.7100000000000017E+00 0 2500 -4750 2250
182 1.8100000000000014E+00 3.7250000000000023E+00 0 2500 -4750 2250
183 1.8200000000000014E+00 3.7400000000000020E+00 0 2500 -4750 2250
184 1.8300000000000014E+00 3.7550000000000017E+00 0 2500 -4750 2250
185 1.8400000000000014E+00 3.7700000000000022E+00 0 2500 -4750 2250
186 1.8500000000000014E+00 3.7850000000000019E+00 0 2500 -4750 2250
187 1.8600000000000014E+00 3.8000000000000025E+00 0 2500 -4750 2250
188 1.8700000000000014E+00 3.8150000000000022E+00 0 2500 -4750 2250
189 1.8800000000000014E+00 3.8300000000000018E+00 0 2500 -4750 2250
190 1.8900000000000015E+00 3.8450000000000024E+00 0 2500 -4750 2250
191 1.9000000000000015E+00 3.8600000000000021E+00 0 2500 -4750 2250
192 1.9100000000000015E+00 3.8750000000000018E+00 0 2500 -4750 2250
193 1.9200000000000015E+00 3.8900000000000023E+00 0 2500 -4750 2250
194 1.9300000000000015E+00 3.9050000000000020E+00 0 2500 -4750 2250
195 1.9400000000000015E+00 3.9200000000000026E+00 0 2500 -4750 2250
196 1.9500000000000015E+00 3.9350000000000023E+00 0 2500 -4750 2250
197 1.9600000000000015E+00 3.9500000000000020E+00 0 2500 -4750 2250
198 1.9700000000000015E+00 3.9650000000000025E+00 0 2500 -4750 2250
199 1.9800000000000015E+00 3.9800000000000022E+00 0 2500 -4750 2250
200 1.9900000000000015E+00 3.9950000000000019E+00 0 2500 -4750 2250
1 0.0000000000000000E+00 1.0100000000000000E+00 0 2500 0 0
2 1.0000000000000000E-02 1.0099499999999999E+00 0 0 2500 0
3 2.0000000000000000E-02 1.0099000000000000E+00 0 0 2500 0
4 2.9999999999999999E-02 1.0098499999999999E+00 0 0 2500 0
5 4.0000000000000001E-02 1.0098000000000000E+00 0 0 2500 0
6 5.0000000000000003E-02 1.0097499999999999E+00 0 0 2500 0
7 6.0000000000000005E-02 1.0097000000000000E+00 0 0 2500 0
8 7.0000000000000007E-02 1.0096499999999999E+00 0 0 2500 0
9 8.0000000000000002E-02 1.0096000000000001E+00 0 0 2500 0
10 8.9999999999999997E-02 1.0095499999999999E+00 0 0 2500 0
11 9.9999999999999992E-02 1.0095000000000001E+00 0 0 2500 0
12 1.0999999999999999E-01 1.0094500000000000E+00 0 0 2500 0
13 1.1999999999999998E-01 1.0094000000000001E+00 0 0 2500 0
14 1.2999999999999998E-01 1.0093500000000000E+00 0 0 2500 0
15 1.3999999999999999E-01 1.0093000000000001E+00 0 0 2500 0
16 1.4999999999999999E-01 1.0092500000000000E+00 0 0 2500 0
17 1.6000000000000000E-01 1.0092000000000001E+00 0 0 2500 0
18 1.7000000000000001E-01 1.0091500000000000E+00 0 0 2500 0
19 1.8000000000000002E-01 1.0091000000000001E+00 0 0 2500 0
20 1.9000000000000003E-01 1.0090500000000000E+00 0 0 2500 0
21 2.0000000000000004E-01 1.0090000000000001E+00 0 0 2500 0
22 2.1000000000000005E-01 1.0089500000000000E+00 0 0 2500 0
23 2.2000000000000006E-01 1.0088999999999999E+00 0 0 2500 0
24 2.3000000000000007E-01 1.0088500000000000E+00 0 0 2500 0
25 2.4000000000000007E-01 1.0087999999999999E+00 0 0 2500 0
26 2.5000000000000006E-01 1.0087500000000000E+00 0 0 2500 0
27 2.6000000000000006E-01 1.0086999999999999E+00 0 0 2500 0
28 2.7000000000000007E-01 1.0086500000000000E+00 0 0 2500 0
29 2.8000000000000008E-01 1.0085999999999999E+00 0 0 2500 0
30 2.9000000000000009E-01 1.0085500000000001E+00 0 0 2500 0
31 3.0000000000000010E-01 1.0085000000000000E+00 0 0 2500 0
32 3.1000000000000011E-01 1.0084500000000001E+00 0 0 2500 0
33 3.2000000000000012E-01 1.0084000000000000E+00 0 0 2500 0
34 3.3000000000000013E-01 1.0083500000000001E+00 0 0 2500 0
35 3.4000000000000014E-01 1.0083000000000000E+00 0 0 2500 0
36 3.5000000000000014E-01 1.0082500000000001E+00 0 0 2500 0
37 3.6000000000000015E-01 1.0082000000000000E+00 0 0 2500 0
38 3.7000000000000016E-01 1.0081500000000001E+00 0 0 2500 0
39 3.8000000000000017E-01 1.0081000000000000E+00 0 0 2500 0
40 3.9000000000000018E-01 1.0080500000000001E+00 0 0 2500 0
41 4.0000000000000019E-01 1.0080000000000000E+00 0 0 2500 0
42 4.1000000000000020E-01 1.0079499999999999E+00 0 0 2500 0
43 4.2000000000000021E-01 1.0079000000000000E+00 0 0 2500 0
44 4.3000000000000022E-01 1.0078499999999999E+00 0 0 2500 0
45 4.4000000000000022E-01 1.0078000000000000E+00 0 0 2500 0
46 4.5000000000000023E-01 1.0077499999999999E+00 0 0 2500 0
47 4.6000000000000024E-01 1.0077000000000000E+00 0 0 2500 0
48 4.7000000000000025E-01 1.0076499999999999E+00 0 0 2500 0
49 4.8000000000000026E-01 1.0076000000000001E+00 0 0 2500 0
50 4.9000000000000027E-01 1.0075499999999999E+00 0 0 2500 0
51 5.0000000000000022E-01 1.0075000000000001E+00 0 0 2500 0
52 5.1000000000000023E-01 1.0074500000000000E+00 0 0 2500 0
53 5.2000000000000024E-01 1.0074000000000001E+00 0 0 2500 0
54 5.3000000000000025E-01 1.0073500000000000E+00 0 0 2500 0
55 5.4000000000000026E-01 1.0073000000000001E+00 0 0 2500 0
56 5.5000000000000027E-01 1.0072500000000000E+00 0 0 2500 0
57 5.6000000000000028E-01 1.0072000000000001E+00 0 0 2500 0
58 5.7000000000000028E-01 1.0071500000000000E+00 0 0 2500 0
59 5.8000000000000029E-01 1.0071000000000001E+00 0 0 2500 0
60 5.9000000000000030E-01 1.0070500000000000E+00 0 0 2500 0
61 6.0000000000000031E-01 1.0070000000000001E+00 0 0 2500 0
62 6.1000000000000032E-01 1.0069500000000000E+00 0 0 2500 0
63 6.2000000000000033E-01 1.0068999999999999E+00 0 0 2500 0
64 6.3000000000000034E-01 1.0068500000000000E+00 0 0 2500 0
65 6.4000000000000035E-01 1.0067999999999999E+00 0 0 2500 0
66 6.5000000000000036E-01 1.0067500000000000E+00 0 0 2500 0
67 6.6000000000000036E-01 1.0066999999999999E+00 0 0 2500 0
68 6.7000000000000037E-01 1.0066500000000000E+00 0 0 2500 0
69 6.8000000000000038E-01 1.0065999999999999E+00 0 0 2500 0
70 6.9000000000000039E-01 1.0065500000000001E+00 0 0 2500 0
71 7.0000000000000040E-01 1.0065000000000000E+00 0 0 2500 0
72 7.1000000000000041E-01 1.0064500000000001E+00 0 0 2500 0
73 7.2000000000000042E-01 1.0064000000000000E+00 0 0 2500 0
74 7.3000000000000043E-01 1.0063500000000001E+00 0 0 2500 0
75 7.4000000000000044E-01 1.0063000000000000E+00 0 0 2500 0
76 7.5000000000000044E-01 1.0062500000000001E+00 0 0 2500 0
77 7.6000000000000045E-01 1.0062000000000000E+00 0 0 2500 0
78 7.7000000000000046E-01 1.0061500000000001E+00 0 0 2500 0
79 7.8000000000000047E-01 1.0061000000000000E+00 0 0 2500 0
80 7.9000000000000048E-01 1.0060500000000001E+00 0 0 2500 0
81 8.0000000000000049E-01 1.0060000000000000E+00 0 0 2500 0
82 8.1000000000000050E-01 1.0059499999999999E+00 0 0 2500 0
83 8.2000000000000051E-01 1.0059000000000000E+00 0 0 2500 0
84 8.3000000000000052E-01 1.0058499999999999E+00 0 0 2500 0
85 8.4000000000000052E-01 1.0058000000000000E+00 0 0 2500 0
86 8.5000000000000053E-01 1.0057499999999999E+00 0 0 2500 0
87 8.6000000000000054E-01 1.0057000000000000E+00 0 0 2500 0
88 8.7000000000000055E-01 1.0056499999999999E+00 0 0 2500 0
89 8.8000000000000056E-01 1.0056000000000000E+00 0 0 2500 0
90 8.9000000000000057E-01 1.0055499999999999E+00 0 0 2500 0
91 9.0000000000000058E-01 1.0055000000000001E+00 0 0 2500 0
92 9.1000000000000059E-01 1.0054500000000000E+00 0 0 2500 0
93 9.2000000000000060E-01 1.0054000000000001E+00 0 0 2500 0
94 9.3000000000000060E-01 1.0053500000000000E+00 0 0 2500 0
95 9.4000000000000061E-01 1.0053000000000001E+00 0 0 2500 0
96 9.5000000000000062E-01 1.0052500000000000E+00 0 0 2500 0
97 9.6000000000000063E-01 1.0052000000000001E+00 0 0 2500 0
98 9.7000000000000064E-01 1.0051500000000000E+00 0 0 2500 0
99 9.8000000000000065E-01 1.0051000000000001E+00 0 0 2500 0
100 9.9000000000000066E-01 1.0050500000000000E+00 0 0 2500 0
101 1.0000000000000007E+00 1.0050000000000001E+00 0 0 2500 0
102 1.0100000000000007E+00 1.0049500000000000E+00 0 0 2500 0
103 1.0200000000000007E+00 1.0048999999999999E+00 0 0 2500 0
104 1.0300000000000007E+00 1.0048500000000000E+00 0 0 2500 0
105 1.0400000000000007E+00 1.0047999999999999E+00 0 0 2500 0
106 1.0500000000000007E+00 1.0047500000000000E+00 0 0 2500 0
107 1.0600000000000007E+00 1.0046999999999999E+00 0 0 2500 0
108 1.0700000000000007E+00 1.0046500000000000E+00 0 0 2500 0
109 1.0800000000000007E+00 1.0045999999999999E+00 0 0 2500 0
110 1.0900000000000007E+00 1.0045500000000001E+00 0 0 2500 0
111 1.1000000000000008E+00 1.0044999999999999E+00 0 0 2500 0
112 1.1100000000000008E+00 1.0044500000000001E+00 0 0 2500 0
113 1.1200000000000008E+00 1.0044000000000000E+00 0 0 2500 0
114 1.1300000000000008E+00 1.0043500000000001E+00 0 0 2500 0
115 1.1400000000000008E+00 1.0043000000000000E+00 0 0 2500 0
116 1.1500000000000008E+00 1.0042500000000001E+00 0 0 2500 0
117 1.1600000000000008E+00 1.0042000000000000E+00 0 0 2500 0
118 1.1700000000000008E+00 1.0041500000000001E+00 0 0 2500 0
119 1.1800000000000008E+00 1.0041000000000000E+00 0 0 2500 0
120 1.1900000000000008E+00 1.0040500000000001E+00 0 0 2500 0
121 1.2000000000000008E+00 1.0040000000000000E+00 0 0 2500 0
122 1.2100000000000009E+00 1.0039499999999999E+00 0 0 2500 0
123 1.2200000000000009E+00 1.0039000000000000E+00 0 0 2500 0
124 1.2300000000000009E+00 1.0038499999999999E+00 0 0 2500 0
125 1.2400000000000009E+00 1.0038000000000000E+00 0 0 2500 0
126 1.2500000000000009E+00 1.0037499999999999E+00 0 0 2500 0
127 1.2600000000000009E+00 1.0037000000000000E+00 0 0 2500 0
128 1.2700000000000009E+00 1.0036499999999999E+00 0 0 2500 0
129 1.2800000000000009E+00 1.0036000000000000E+00 0 0 2500 0
130 1.2900000000000009E+00 1.0035499999999999E+00 0 0 2500 0
131 1.3000000000000009E+00 1.0035000000000001E+00 0 0 2500 0
132 1.3100000000000009E+00 1.0034500000000000E+00 0 0 2500 0
133 1.3200000000000010E+00 1.0034000000000001E+00 0 0 2500 0
134 1.3300000000000010E+00 1.0033500000000000E+00 0 0 2500 0
135 1.3400000000000010E+00 1.0033000000000001E+00 0 0 2500 0
136 1.3500000000000010E+00 1.0032500000000000E+00 0 0 2500 0
137 1.3600000000000010E+00 1.0032000000000001E+00 0 0 2500 0
138 1.3700000000000010E+00 1.0031500000000000E+00 0 0 2500 0
139 1.3800000000000010E+00 1.0031000000000001E+00 0 0 2500 0
140 1.3900000000000010E+00 1.0030500000000000E+00 0 0 2500 0
141 1.4000000000000010E+00 1.0030000000000001E+00 0 0 2500 0
142 1.4100000000000010E+00 1.0029500000000000E+00 0 0 2500 0
143 1.4200000000000010E+00 1.0028999999999999E+00 0 0 2500 0
144 1.4300000000000010E+00 1.0028500000000000E+00 0 0 2500 0
145 1.4400000000000011E+00 1.0027999999999999E+00 0 0 2500 0
146 1.4500000000000011E+00 1.0027500000000000E+00 0 0 2500 0
147 1.4600000000000011E+00 1.0026999999999999E+00 0 0 2500 0
148 1.4700000000000011E+00 1.0026500000000000E+00 0 0 2500 0
149 1.4800000000000011E+00 1.0025999999999999E+00 0 0 2500 0
150 1.4900000000000011E+00 1.0025500000000001E+00 0 0 2500 0
151 1.5000000000000011E+00 1.0024999999999999E+00 0 0 2500 0
152 1.5100000000000011E+00 1.0024500000000001E+00 0 0 2500 0
153 1.5200000000000011E+00 1.0024000000000000E+00 0 0 2500 0
154 1.5300000000000011E+00 1.0023500000000001E+00 0 0 2500 0
155 1.5400000000000011E+00 1.0023000000000000E+00 0 0 2500 0
156 1.5500000000000012E+00 1.0022500000000001E+00 0 0 2500 0
157 1.5600000000000012E+00 1.0022000000000000E+00 0 0 2500 0
158 1.5700000000000012E+00 1.0021500000000001E+00 0 0 2500 0
159 1.5800000000000012E+00 1.0021000000000000E+00 0 0 2500 0
160 1.5900000000000012E+00 1.0020500000000001E+00 0 0 2500 0
161 1.6000000000000012E+00 1.0020000000000000E+00 0 0 2500 0
162 1.6100000000000012E+00 1.0019499999999999E+00 0 0 2500 0
163 1.6200000000000012E+00 1.0019000000000000E+00 0 0 2500 0
164 1.6300000000000012E+00 1.0018499999999999E+00 0 0 2500 0
165 1.6400000000000012E+00 1.0018000000000000E+00 0 0 2500 0
166 1.6500000000000012E+00 1.0017499999999999E+00 0 0 2500 0
167 1.6600000000000013E+00 1.0017000000000000E+00 0 0 2500 0
168 1.6700000000000013E+00 1.0016499999999999E+00 0 0 2500 0
169 1.6800000000000013E+00 1.0016000000000000E+00 0 0 2500 0
170 1.6900000000000013E+00 1.0015499999999999E+00 0 0 2500 0
171 1.7000000000000013E+00 1.0015000000000001E+00 0 0 2500 0
172 1.7100000000000013E+00 1.0014500000000000E+00 0 0 2500 0
173 1.7200000000000013E+00 1.0014000000000001E+00 0 0 2500 0
174 1.7300000000000013E+00 1.0013500000000000E+00 0 0 2500 0
175 1.7400000000000013E+00 1.0013000000000001E+00 0 0 2500 0
176 1.7500000000000013E+00 1.0012500000000000E+00 0 0 2500 0
177 1.7600000000000013E+00 1.0012000000000001E+00 0 0 2500 0
178 1.7700000000000014E+00 1.0011500000000000E+00 0 0 2500 0
179 1.7800000000000014E+00 1.0011000000000001E+00 0 0 2500 0
180 1.7900000000000014E+00 1.0010500000000000E+00 0 0 2500 0
181 1.8000000000000014E+00 1.0010000000000001E+00 0 0 2500 0
182 1.8100000000000014E+00 1.0009500000000000E+00 0 0 2500 0
183 1.8200000000000014E+00 1.0008999999999999E+00 0 0 2500 0
184 1.8300000000000014E+00 1.0008500000000000E+00 0 0 2500 0
185 1.8400000000000014E+00 1.0007999999999999E+00 0 0 2500 0
186 1.8500000000000014E+00 1.0007500000000000E+00 0 0 2500 0
187 1.8600000000000014E+00 1.0006999999999999E+00 0 0 2500 0
188 1.8700000000000014E+00 1.0006500000000000E+00 0 0 2500 0
189 1.8800000000000014E+00 1.0005999999999999E+00 0 0 2500 0
190 1.8900000000000015E+00 1.0005500000000001E+00 0 0 2500 0
191 1.9000000000000015E+00 1.0004999999999999E+00 0 0 2500 0
192 1.9100000000000015E+00 1.0004500000000001E+00 0 0 2500 0
193 1.9200000000000015E+00 1.0004000000000000E+00 0 0 2500 0
194 1.9300000000000015E+00 1.0003500000000001E+00 0 0 2500 0
195 1.9400000000000015E+00 1.0003000000000000E+00 0 0 2500 0
196 1.9500000000000015E+00 1.0002500000000001E+00 0 0 2500 0
197 1.9600000000000015E+00 1.0002000000000000E+00 0 0 2500 0
198 1.9700000000000015E+00 1.0001500000000001E+00 0 0 2500 0
199 1.9800000000000015E+00 1.0001000000000000E+00 0 0 2500 0
200 1.9900000000000015E+00 1.0000500000000001E+00 0 0 2500 0
